1	陈丽辉	0	网络空间安全	网安1	90	90	85	-1	-1	-1
2	陈林彬	1	网络空间安全	网安1	78	59	88	-1	-1	-1
3	杜国杰	1	网络空间安全	网安1	60	89	59	-1	-1	-1
4	何宜锭	1	网络空间安全	网安1	68	70	78	-1	-1	-1
5	黄俊斌	1	网络空间安全	网安1	59	80	64	-1	-1	-1
6	黄耀	1	网络空间安全	网安1	100	90	94	-1	-1	-1
7	黄亦斌	1	网络空间安全	网安1	91	60	100	-1	-1	-1
8	刘泓信	1	网络空间安全	网安1	88	100	70	-1	-1	-1
9	李厚贤	1	网络空间安全	网安1	78	88	60	-1	-1	-1
10	李泳宜	1	网络空间安全	网安1	88	94	58	-1	-1	-1
11	梁矩滔	1	网络空间安全	网安1	74	84	94	-1	-1	-1
12	梁奕惟	1	网络空间安全	网安1	73	69	55	-1	-1	-1
13	刘凯锋	1	网络空间安全	网安1	99	79	83	-1	-1	-1
14	刘志豪	1	网络空间安全	网安1	80	76	70	-1	-1	-1
15	卢宇轩	1	网络空间安全	网安1	87	78	90	-1	-1	-1
16	罗泽豪	1	网络空间安全	网安1	89	79	73	-1	-1	-1
17	彭张超	1	网络空间安全	网安1	59	80	79	-1	-1	-1
18	王超杰	1	网络空间安全	网安1	87	84	97	-1	-1	-1
19	王耿森	1	网络空间安全	网安1	74	85	92	-1	-1	-1
20	温政威	1	网络空间安全	网安1	94	60	64	-1	-1	-1
21	许骥	1	网络空间安全	网安1	94	89	68	-1	-1	-1
22	杨建鹏	1	网络空间安全	网安1	76	55	66	-1	-1	-1
23	刘诗霞	0	网络空间安全	网安1	78	80	83	-1	-1	-1
24	易嘉浩	1	网络空间安全	网安1	85	69	71	-1	-1	-1
25	章宇杰	1	网络空间安全	网安1	79	89	84	-1	-1	-1
26	张运佳	0	网络空间安全	网安1	92	95	93	-1	-1	-1
27	郑文汉	1	网络空间安全	网安1	85	81	92	-1	-1	-1
28	周世纪	1	网络空间安全	网安1	73	94	84	-1	-1	-1
29	邹熠	0	网络空间安全	网安1	70	94	64	-1	-1	-1
30	邝家宇	1	网络空间安全	网安1	60	72	75	-1	-1	-1
31	蔡志聪	1	网络空间安全	网安2	89	80	82	-1	-1	-1
32	陈瑞泽	1	网络空间安全	网安2	58	91	87	-1	-1	-1
33	陈润荣	1	网络空间安全	网安2	79	84	84	-1	-1	-1
34	阵志彬	1	网络空间安全	网安2	68	78	92	-1	-1	-1
35	邓礼杰	1	网络空间安全	网安2	94	69	68	-1	-1	-1
36	邓荣添	1	网络空间安全	网安2	86	59	78	-1	-1	-1
37	董霈	1	网络空间安全	网安2	85	79	93	-1	-1	-1
38	黎婉华	0	网络空间安全	网安2	92	83	73	-1	-1	-1
39	黄锦明	1	网络空间安全	网安2	78	60	59	-1	-1	-1
40	黄耀康	1	网络空间安全	网安2	58	69	69	-1	-1	-1
41	李宝茹	0	网络空间安全	网安2	100	89	88	-1	-1	-1
42	李政潮	1	网络空间安全	网安2	69	95	90	-1	-1	-1
43	梁宇轩	1	网络空间安全	网安2	88	78	86	-1	-1	-1
44	廖瑞麒	1	网络空间安全	网安2	78	59	68	-1	-1	-1
45	林艾淇	0	网络空间安全	网安2	83	78	94	-1	-1	-1
46	林森	1	网络空间安全	网安2	86	86	78	-1	-1	-1
47	刘宇佳	1	网络空间安全	网安2	79	80	87	-1	-1	-1
48	黄婧婷	0	网络空间安全	网安2	93	70	88	-1	-1	-1
49	罗佩珊	0	网络空间安全	网安2	91	83	76	-1	-1	-1
50	麦家聪	1	网络空间安全	网安2	83	72	60	-1	-1	-1
51	麦家乐	1	网络空间安全	网安2	82	81	75	-1	-1	-1
52	邱泓博	1	网络空间安全	网安2	78	91	92	-1	-1	-1
53	王茁	1	网络空间安全	网安2	72	83	73	-1	-1	-1
54	肖伟	1	网络空间安全	网安2	69	68	64	-1	-1	-1
55	徐炯	1	网络空间安全	网安2	82	72	83	-1	-1	-1
56	叶家豪	1	网络空间安全	网安2	81	91	87	-1	-1	-1
57	叶志永	1	网络空间安全	网安2	91	70	81	-1	-1	-1
58	张家荣	1	网络空间安全	网安2	73	83	79	-1	-1	-1
59	钟佳标	1	网络空间安全	网安2	93	100	89	-1	-1	-1
60	周德建	1	网络空间安全	网安2	89	91	100	-1	-1	-1
61	卢靖维	1	网络空间安全	网安2	63	69	65	-1	-1	-1